93
76
29
23
95
38
73
98
42
30
52
87
7
15
16
34
85
65
83
3
75
15
11
69
46
5
51
53
5
31
20
41
78
81
71
3
76
38
85
70
56
99
37
22
95
6
35
88
69
69
91
20
9
58
62
8
2
61
52
18
13
2
6
71
65
88
60
93
96
65
40
93
77
44
100
6
16
69
32
78
21
20
87
59
92
69
31
26
82
62
86
73
89
67
1
31
49
16
64
46
44
95
30
20
85
83
81
34
89
78
6
23
45
18
37
29
70
64
70
27
51
25
48
93
4
78
25
51
94
83
55
51
41
51
12
95
43
99
22
100
18
37
84
45
35
64
92
16
5
97
68
5
74
43
49
14
1
47
92
1
60
65
21
77
41
37
6
45
96
96
21
78
38
85
88
7
34
99
21
96
81
34
65
83
16
91
62
77
28
96
1
23
65
59
68
8
51
11
1
51
67
32
